modDirectSearch: 11, 6.9141387939453125e-06

kmp: 11, 6.198883056640625e-06

bmx: 11, 8.106231689453125e-06

rabin_karp: 11, 2.5987625122070312e-05

aho_find_all: [11], 2.6226043701171875e-05

lib_find: 11, 9.5367431640625e-07
